2364
4370
5137
5319
5394
5573
5573
6661
7051
7051
6990
6917
6402
7144
7019
7006
6998
7167
7194
7267
7288
7257
7265
7262
7243
7327
7427
7458
7290
7290
7354
7411
7216
7145
6922
6919
6760
6557
6347
6367
6367
6362
6585
6729
6655
6707
6707
6604
6318
5755
5711
5576
5830
5834
5797
5882
6278
6331
6298
6225
6224
6347
6423
6367
6367
6372
6533
6458
6444
6389
6442
6450
6227
6357
6399
6157
6155
6139
6073
6073
5932
5809
5720
5727
5661
5472
5173
5211
5280
5219
5363
5530
6020
6042
6160
6182
6185
6194
6303
6403
6463
6463
6589
6634
6761
7229
7168
7169
6992
6827
6436
3935
2962
2594
2520
2512
2490
2488
2457
3060
3646
3650
4084
4827
5148
5309
5657
7072
6913
6944
6996
7049
7049
6715
6457
5886
5888
5888
5968
5900
6053
6181
6183
6154
6357
6727
6308
5915
5759
5631
5285
5110
4964
4844
4691
4992
4991
4847
4721
4637
4682
4795
4992
5176
5272
5712
5734
5757
5624
5357
3585
3651
3780
3899
3957
3986
4282
4681
5605
5463
5629
5770
5785
6692
6875
4758
4940
4966
4921
5280
5220
5216
5499
5619
5640
5631
5716
5789
5804
5803
5867
5865
5861
5771
5466
5467
5446
5391
5390
5269
5160
4897
4415
4244
4214
4132
4132
3978
3754
3753
3731
3740
3676
3647
3534
2654
1972
2100
2178
3167
3541
4053
4089
4377
4477
4772
4806
4946
5100
4892
4633
4633
4638
4528
4528
4210
4137
4303
4303
4276
4263
4858
6686
5785
5230
5229
5264
5315
4944
4718
4692
4374
3923
4443
4473
4193
4366
4657
4100
4100
4219
4587
4569
4489
4501
4494
4573
4571
4703
4907
4984
5037
5086
5194
5223
5391
5550
5584
5634
5686
5682
5710
5602
5510
5482
5664
5645
5686
6082
6299
6423
6437
6444
6447
6373
6468
6454
6412
6422
6368
6282
6206
5997
5886
5978
5779
5649
5565
4816
4644
4441
4116
3885
3826
3731
3731
3727
3657
3188
3033
2695
2528
2368
2367
2368
2376
2406
2407
2447
2446
2446
2462
2496
2511
2495
2494
2493
2402
2402
2398
2395
2393
2433
2467
2492
2492
2496
2525
2526
2556
2557
2573
2575
2602
2616
2616
2609
2620
2639
2654
2643
2651
2650
2651
2701
2709
2802
2777
2876
2877
2886
4237
4334
4335
4344
4341
4349
5447
5450
5808
5917
5817
5793
5942
5964
5959
5955
5969
6011
6011
6037
6344
6286
6285
6189
6111
6109
6111
6173
6318
6403
6556
6556
6036
6036
5908
5946
5699
4017
4016
4020
4115
3905
3904
3884
3814
3840
3840
3858
3752
3754
3745
3706
3538
3561
3573
3570
3569
3572
3571
4038
4110
4163
4199
4217
4340
4396
4488
4581
4581
4595
4757
4848
4880
4877
4899
4899
5079
5224
5163
4843
4843
4837
4550
4111
3944
3944
3850
3849
3849
3852
3852
4533
4525
4504
4491
4553
4534
4554
4547
4525
4508
4500
4437
4598
4736
4852
4824
4733
4538
4474
4473
4648
4974
5055
5058
5046
4963
4831
4526
4451
4441
4390
4300
4343
4314
4260
4207
4144
4151
4162
4073
4042
4018
4030
4038
4038
4092
4092
4134
4134
4104
4104
4211
4276
4272
4289
4350
4375
4381
4348
4497
4448
4310
4198
4193
4389
4391
4074
4075
4078
4015
4003
3987
4007
4052
4135
4137
4138
4144
4154
4153
4126
4129
4133
4170
4075
4045
4043
3619
3618
3556
3557
3538
3538
3520
3460
3460
3433
3187
3141
3152
3139
3110
3107
3134
3134
3194
3200
3168
3156
3130
3070
3072
2856
2830
2830
2815
2802
2792
2820
2823
2889
2890
2947
2947
2980
3119
3169
3182
3247
3454
3474
3550
3550
3562
3561
3558
3558
3504
3568
3613
3633
3645
3702
3843
3887
4013
4016
4134
4170
4199
4199
4807
4438
4372
4361
4351
4281
4558
4673
4639
4637
4636
4673
4680
4695
4695
4719
4739
4266
4068
4004
3912
3912
4038
3851
3862
4245
4260
4278
4278
4326
4273
4171
4070
4104
4184
4463
4401
4362
4362
4264
4086
4085
4078
3980
4474
4566
4570
4495
4774
4853
5036
5075
5193
5195
5201
5263
5217
5240
5246
5240
5415
5415
5728
5898
5898
5538
5538
5444
5449
5455
5457
5472
5786
5796
5795
5837
5837
5841
5839
5553
6015
6003
6034
6134
5984
6071
5739
5663
5528
5450
5441
5132
5095
5349
4797
4896
4934
5122
5123
5253
5254
5480
6892
6834
6808
6808
6804
6837
5947
6774
6779
6773
6727
6692
6554
6512
6516
6352
6324
6177
6178
6018
5980
5846
3945
3726
3699
3636
3529
3461
3425
3416
3343
3296
3269
3221
3198
3162
3080
3057
2846
2764
